  0.0000000E+00   1.000000    
   1.000000      0.9199362    
   2.000000      0.8410726    
   3.000000      0.7630029    
   4.000000      0.6883919    
   5.000000      0.6152754    
   6.000000      0.5474773    
   7.000000      0.4817054    
   8.000000      0.4225324    
   9.000000      0.3657044    
   10.00000      0.3160993    
   11.00000      0.2689377    
   12.00000      0.2289953    
   13.00000      0.1914005    
   14.00000      0.1605079    
   15.00000      0.1317211    
   16.00000      0.1087702    
   17.00000      8.7596662E-02
   18.00000      7.1217835E-02
   19.00000      5.6257397E-02
   20.00000      4.5029081E-02
   21.00000      3.4874517E-02
   22.00000      2.7479962E-02
   23.00000      2.0858388E-02
   24.00000      1.6180053E-02
   25.00000      1.2031833E-02
   26.00000      9.1882246E-03
   27.00000      6.6914354E-03
   28.00000      5.0308309E-03
   29.00000      3.5869163E-03
   30.00000      2.6551648E-03
   31.00000      1.8528182E-03
   32.00000      1.3504855E-03
   33.00000      9.2207087E-04
   34.00000      6.6183857E-04
   35.00000      4.4201687E-04
   36.00000      3.1246891E-04
   37.00000      2.0407532E-04
   38.00000      1.4209969E-04
   39.00000      9.0732487E-05
   40.00000      6.2238440E-05
   41.00000      3.8842532E-05
   42.00000      2.6251782E-05
   43.00000      1.6009701E-05
   44.00000      1.0662402E-05
   45.00000      6.3526413E-06
   46.00000      4.1697922E-06
   47.00000      2.4265544E-06
   48.00000      1.5700305E-06
   49.00000      8.9220305E-07
   50.00000      5.6912961E-07
   51.00000      3.1575618E-07
   52.00000      1.9861031E-07
   53.00000      1.0755580E-07
   54.00000      6.6720638E-08
   55.00000      3.5260687E-08
   56.00000      2.1575877E-08
   57.00000      1.1125130E-08
   58.00000      6.7159851E-09
   59.00000      3.3780061E-09
   60.00000      2.0121858E-09
   61.00000      9.8705322E-10
   62.00000      5.8026650E-10
   63.00000      2.7754238E-10
   64.00000      1.6105417E-10
   65.00000      7.5094805E-11
   66.00000      4.3021416E-11
   67.00000      1.9550811E-11
   68.00000      1.1059821E-11
   69.00000      4.8975069E-12
   70.00000      2.7361685E-12
   71.00000      1.1803750E-12
   72.00000      6.5140048E-13
   73.00000      2.7370158E-13
   74.00000      1.4922479E-13
   75.00000      6.1055111E-14
   76.00000      3.2892437E-14
   77.00000      1.3101662E-14
   78.00000      6.9756551E-15
   79.00000      2.7043308E-15
   80.00000      1.4232347E-15
   81.00000      5.3689337E-16
   82.00000      2.7934173E-16
   83.00000      1.0251165E-16
   84.00000      5.2738078E-17
   85.00000      1.8822338E-17
   86.00000      9.5763328E-18
   87.00000      3.3230943E-18
   88.00000      1.6722973E-18
   89.00000      5.6406526E-19
   90.00000      2.8081166E-19
   91.00000      9.2040206E-20
   92.00000      4.5336435E-20
   93.00000      1.4435360E-20
   94.00000      7.0364902E-21
   95.00000      2.1762845E-21
   96.00000      1.0508389E-21
   97.00000      3.1939734E-22
   98.00000      1.5964783E-22
   99.00000      7.6121922E-23
   100.0000      7.6121922E-23
